232,328,152963,5,0,0:0:0:0:
232,328,153763,6,0,P|163:388|108:349,1,116.999991544724
22,119,153963,5,0,0:0:0:0:
314,195,154063,1,0,0:0:0:0:
47,341,154163,5,0,0:0:0:0:
156,54,154263,1,0,0:0:0:0:
339,363,154363,6,0,L|461:345,1,116.999991544724
386,26,154563,5,0,0:0:0:0:
311,277,154663,1,0,0:0:0:0:
140,72,154763,5,0,0:0:0:0:
431,135,154863,1,0,0:0:0:0:
174,269,154963,5,0,0:0:0:0:
266,26,155063,1,0,0:0:0:0:
386,307,155163,6,0,P|332:364|265:344,1,116.999991544724
15,80,155363,5,0,0:0:0:0:
360,44,155463,1,0,0:0:0:0:
9,193,155563,5,0,0:0:0:0:
427,171,155663,1,0,0:0:0:0:
13,74,155763,5,0,0:0:0:0:
277,286,155863,1,0,0:0:0:0:
115,45,155963,5,0,0:0:0:0:
181,356,156063,1,0,0:0:0:0:
107,21,156163,5,0,0:0:0:0:
60,305,156263,1,0,0:0:0:0:
223,25,156363,5,0,0:0:0:0:
183,329,156463,1,0,0:0:0:0:
350,35,156563,5,0,0:0:0:0:
308,367,156663,1,0,0:0:0:0:
437,115,156763,6,0,L|265:148,1,116.999991544724
26,208,156963,5,0,0:0:0:0:
231,9,157063,1,0,0:0:0:0:
246,283,157163,5,0,0:0:0:0:
59,34,157263,1,0,0:0:0:0:
134,336,157363,5,0,0:0:0:0:
55,18,157463,1,0,0:0:0:0:
31,342,157563,5,0,0:0:0:0:
141,77,157663,1,0,0:0:0:0:
254,373,157763,6,0,P|316:341|301:242,1,116.999991544724
291,23,157963,1,0,0:0:0:0:
246,283,158063,1,0,0:0:0:0:
292,12,158163,2,0,L|441:-2,1,116.999991544724
512,238,158363,2,0,L|363:224,1,116.999991544724
82,172,158563,5,0,0:0:0:0:
349,95,158663,1,0,0:0:0:0:
250,295,158763,5,0,0:0:0:0:
98,50,158863,1,0,0:0:0:0:
159,350,158963,5,0,0:0:0:0:
229,52,159063,1,0,0:0:0:0:
19,317,159163,5,0,0:0:0:0:
98,35,159263,1,0,0:0:0:0:
247,380,159363,6,0,P|317:347|295:257,1,116.999991544724
317,6,159563,5,0,0:0:0:0:
250,295,159663,1,0,0:0:0:0:
459,76,159763,5,0,0:0:0:0:
188,162,159863,1,0,0:0:0:0:
436,253,159963,5,0,0:0:0:0:
311,37,160063,1,0,0:0:0:0:
250,295,160163,6,0,L|117:278,1,116.999991544724
361,106,160363,5,0,0:0:0:0:
437,372,160463,1,0,0:0:0:0:
460,68,160563,5,0,0:0:0:0:
361,332,160663,1,0,0:0:0:0:
384,2,160763,5,0,0:0:0:0:
446,278,160863,1,0,0:0:0:0:
152,28,160963,5,0,0:0:0:0:
470,99,161063,1,0,0:0:0:0:
164,209,161163,5,0,0:0:0:0:
376,6,161263,1,0,0:0:0:0:
282,321,161363,5,0,0:0:0:0:
141,42,161463,1,0,0:0:0:0:
468,125,161563,5,0,0:0:0:0:
145,219,161663,1,0,0:0:0:0:
376,6,161763,6,0,L|395:153,1,116.999991544724
428,368,161963,5,0,0:0:0:0:
252,69,162063,1,0,0:0:0:0:
276,349,162163,5,0,0:0:0:0:
480,113,162263,1,0,0:0:0:0:
142,236,162363,5,0,0:0:0:0:
469,157,162463,1,0,0:0:0:0:
49,144,162563,5,0,0:0:0:0:
386,231,162663,1,0,0:0:0:0:
61,359,162763,5,0,0:0:0:0:
175,35,162863,1,0,0:0:0:0:
292,380,162963,5,0,0:0:0:0:
169,21,163063,1,0,0:0:0:0:
57,373,163163,2,0,L|188:362,1,116.999991544724
484,337,163363,5,0,0:0:0:0:
218,175,163463,1,0,0:0:0:0:
499,59,163563,5,0,0:0:0:0:
351,331,163663,1,0,0:0:0:0:
266,17,163763,5,0,0:0:0:0:
362,293,163863,1,0,0:0:0:0:
384,1,163963,5,0,0:0:0:0:
258,321,164063,1,0,0:0:0:0:
54,71,164163,5,0,0:0:0:0:
357,134,164263,1,0,0:0:0:0:
72,293,164363,5,0,0:0:0:0:
167,29,164463,1,0,0:0:0:0:
351,331,164563,6,0,L|485:315,1,116.999991544724
116,384,164763,2,0,L|-18:368,1,116.999991544724
221,101,164963,5,0,0:0:0:0:
263,340,165063,1,0,0:0:0:0:
306,19,165163,5,0,0:0:0:0:
198,276,165263,1,0,0:0:0:0:
48,24,165363,5,0,0:0:0:0:
318,160,165463,1,0,0:0:0:0:
43,273,165563,5,0,0:0:0:0:
141,7,165663,1,0,0:0:0:0:
332,253,165763,2,0,P|404:186|376:124,1,116.999991544724
308,9,165963,5,0,0:0:0:0:
446,300,166063,1,0,0:0:0:0:
191,132,166163,5,0,0:0:0:0:
491,176,166263,1,0,0:0:0:0:
219,274,166363,5,0,0:0:0:0:
397,84,166463,1,0,0:0:0:0:
320,364,166563,5,0,0:0:0:0:
214,18,166663,1,0,0:0:0:0:
321,379,166763,5,0,0:0:0:0:
221,4,166863,1,0,0:0:0:0:
234,324,166963,5,0,0:0:0:0:
294,56,167063,1,0,0:0:0:0:
229,331,167163,5,0,0:0:0:0:
306,48,167263,1,0,0:0:0:0:
149,384,167363,6,0,L|113:120,1,233.999983089448
412,100,167663,1,0,0:0:0:0:
438,340,167763,2,0,L|323:324,1,116.999991544724
438,18,167963,2,0,P|498:99|450:157,1,116.999991544724
247,381,168163,5,0,0:0:0:0:
165,48,168263,1,0,0:0:0:0:
246,338,168363,5,0,0:0:0:0:
265,22,168463,1,0,0:0:0:0:
103,353,168563,5,0,0:0:0:0:
171,37,168663,1,0,0:0:0:0:
370,370,168763,5,0,0:0:0:0:
25,237,168863,1,0,0:0:0:0:
412,137,168963,5,0,0:0:0:0:
10,262,169063,1,0,0:0:0:0:
444,224,169163,5,0,0:0:0:0:
17,110,169263,1,0,0:0:0:0:
442,58,169363,6,0,P|496:130|441:200,1,116.999991544724
189,371,169563,2,0,L|198:223,1,116.999991544724
204,17,169763,5,0,0:0:0:0:
306,292,169863,1,0,0:0:0:0:
287,45,169963,5,0,0:0:0:0:
93,323,170063,1,0,0:0:0:0:
211,71,170163,5,0,0:0:0:0:
366,375,170263,1,0,0:0:0:0:
78,199,170363,5,0,0:0:0:0:
423,148,170463,1,0,0:0:0:0:
93,323,170563,5,0,0:0:0:0:
211,71,170663,1,0,0:0:0:0:
225,383,170763,5,0,0:0:0:0:
6,125,170863,1,0,0:0:0:0:
322,245,170963,5,0,0:0:0:0:
2,337,171063,1,0,0:0:0:0:
211,71,171163,1,0,0:0:0:0:
225,383,171263,1,0,0:0:0:0:
1,118,171363,6,0,L|156:100,1,116.999991544724
328,338,171563,1,0,0:0:0:0:
129,233,171663,1,0,0:0:0:0:
375,176,171763,2,0,P|406:273|343:327,1,116.999991544724
139,363,171963,1,0,0:0:0:0:
238,102,172063,1,0,0:0:0:0:
412,376,172163,6,0,L|553:357,1,116.999991544724
129,233,172363,5,0,0:0:0:0:
344,59,172463,1,0,0:0:0:0:
244,332,172563,5,0,0:0:0:0:
77,83,172663,1,0,0:0:0:0:
339,192,172763,5,0,0:0:0:0:
36,288,172863,1,0,0:0:0:0:
183,14,172963,5,0,0:0:0:0:
246,352,173063,1,0,0:0:0:0:
218,56,173163,5,0,0:0:0:0:
131,368,173263,1,0,0:0:0:0:
345,181,173363,5,0,0:0:0:0:
18,202,173463,1,0,0:0:0:0:
378,83,173563,5,0,0:0:0:0:
33,106,173663,1,0,0:0:0:0:
363,268,173763,6,0,P|425:224|412:146,1,116.999991544724
310,13,173963,5,0,0:0:0:0:
263,266,174063,1,0,0:0:0:0:
476,105,174163,5,0,0:0:0:0:
215,154,174263,1,0,0:0:0:0:
510,295,174363,6,0,P|512:189|516:144,1,116.999991544724
412,372,174563,5,0,0:0:0:0:
356,88,174663,1,0,0:0:0:0:
223,285,174763,5,0,0:0:0:0:
434,173,174863,1,0,0:0:0:0:
125,180,174963,5,0,0:0:0:0:
424,236,175063,1,0,0:0:0:0:
113,347,175163,5,0,0:0:0:0:
256,50,175263,1,0,0:0:0:0:
412,372,175363,5,0,0:0:0:0:
38,230,175463,1,0,0:0:0:0:
446,340,175563,5,0,0:0:0:0:
16,276,175663,1,0,0:0:0:0:
372,68,175763,5,0,0:0:0:0:
237,355,175863,1,0,0:0:0:0:
148,9,175963,5,0,0:0:0:0:
256,317,176063,1,0,0:0:0:0:
459,73,176163,6,0,P|444:12|360:-7,1,116.999991544724
358,299,176363,5,0,0:0:0:0:
235,89,176463,1,0,0:0:0:0:
141,355,176563,5,0,0:0:0:0:
260,135,176663,1,0,0:0:0:0:
24,300,176763,5,0,0:0:0:0:
282,222,176863,1,0,0:0:0:0:
54,97,176963,5,0,0:0:0:0:
145,332,177063,1,0,0:0:0:0:
220,51,177163,5,0,0:0:0:0:
141,282,177263,1,0,0:0:0:0:
341,71,177363,5,0,0:0:0:0:
73,148,177463,1,0,0:0:0:0:
331,301,177563,5,0,0:0:0:0:
220,51,177663,1,0,0:0:0:0:
115,354,177763,6,0,P|56:344|-12:339,1,116.999991544724
236,137,177963,2,0,L|246:195,3,58.499995772362
307,255,178163,2,0,P|366:245|434:240,1,116.999991544724
302,31,178363,1,0,0:0:0:0:
222,328,178463,1,0,0:0:0:0:
100,45,178563,2,0,P|153:22|206:45,1,116.999991544724
421,246,178763,5,0,0:0:0:0:
300,24,178863,1,0,0:0:0:0:
426,276,178963,5,0,0:0:0:0:
382,63,179063,1,0,0:0:0:0:
431,304,179163,5,0,0:0:0:0:
452,128,179263,1,0,0:0:0:0:
366,363,179363,6,0,P|280:347|192:333,1,116.999991544724
77,50,179563,5,0,0:0:0:0:
300,170,179663,1,0,0:0:0:0:
56,283,179763,5,0,0:0:0:0:
180,48,179863,1,0,0:0:0:0:
318,266,179963,5,0,0:0:0:0:
68,146,180063,1,0,0:0:0:0:
378,130,180163,5,0,0:0:0:0:
152,319,180263,1,0,0:0:0:0:
193,43,180363,5,0,0:0:0:0:
304,354,180463,1,0,0:0:0:0:
57,157,180563,5,0,0:0:0:0:
388,115,180663,1,0,0:0:0:0:
138,335,180763,5,0,0:0:0:0:
205,33,180863,1,0,0:0:0:0:
311,364,180963,6,0,P|376:349|394:274,1,116.999991544724
375,25,181163,5,0,0:0:0:0:
317,267,181263,1,0,0:0:0:0:
249,24,181363,5,0,0:0:0:0:
201,285,181463,1,0,0:0:0:0:
127,27,181563,5,0,0:0:0:0:
114,330,181663,1,0,0:0:0:0:
296,110,181763,5,0,0:0:0:0:
27,200,181863,1,0,0:0:0:0:
285,343,181963,5,0,0:0:0:0:
154,52,182063,1,0,0:0:0:0:
102,343,182163,5,0,0:0:0:0:
314,111,182263,1,0,0:0:0:0:
17,212,182363,5,0,0:0:0:0:
301,349,182463,1,0,0:0:0:0:
161,72,182563,5,0,0:0:0:0:
96,366,182663,1,0,0:0:0:0:
245,48,182763,5,0,0:0:0:0:
208,365,182863,1,0,0:0:0:0:
40,83,182963,5,0,0:0:0:0:
331,185,183063,1,0,0:0:0:0:
25,313,183163,5,0,0:0:0:0:
111,13,183263,1,0,0:0:0:0:
211,336,183363,5,0,0:0:0:0:
239,41,183463,1,0,0:0:0:0:
380,333,183563,5,0,0:0:0:0:
118,184,183663,1,0,0:0:0:0:
451,201,183763,5,0,0:0:0:0:
199,354,183863,1,0,0:0:0:0:
365,61,183963,5,0,0:0:0:0:
359,341,184063,1,0,0:0:0:0:
260,49,184163,5,0,0:0:0:0:
229,357,184263,1,0,0:0:0:0:
164,33,184363,5,0,0:0:0:0:
101,358,184463,1,0,0:0:0:0:
327,142,184563,5,0,0:0:0:0:
12,280,184663,1,0,0:0:0:0:
368,112,184763,5,0,0:0:0:0:
26,176,184863,1,0,0:0:0:0:
333,380,184963,6,0,P|389:316|331:226,1,116.999991544724
310,11,185163,5,0,0:0:0:0:
208,333,185263,1,0,0:0:0:0:
199,38,185363,5,0,0:0:0:0:
175,356,185463,1,0,0:0:0:0:
81,98,185563,5,0,0:0:0:0:
144,383,185663,1,0,0:0:0:0:
297,160,185763,5,0,0:0:0:0:
20,273,185863,1,0,0:0:0:0:
117,17,185963,5,0,0:0:0:0:
245,248,186063,1,0,0:0:0:0:
4,107,186163,5,0,0:0:0:0:
259,136,186263,1,0,0:0:0:0:
6,298,186363,5,0,0:0:0:0:
99,55,186463,1,0,0:0:0:0:
257,335,186563,5,0,0:0:0:0:
200,67,186663,1,0,0:0:0:0:
148,357,186763,5,0,0:0:0:0:
19,122,186863,1,0,0:0:0:0:
286,175,186963,5,0,0:0:0:0:
11,318,187063,1,0,0:0:0:0:
107,48,187163,5,0,0:0:0:0:
161,355,187263,1,0,0:0:0:0:
223,49,187363,5,0,0:0:0:0:
255,356,187463,1,0,0:0:0:0:
331,56,187563,5,0,0:0:0:0:
338,369,187663,1,0,0:0:0:0:
440,83,187763,5,0,0:0:0:0:
255,356,187863,1,0,0:0:0:0:
503,182,187963,5,0,0:0:0:0:
221,238,188063,1,0,0:0:0:0:
475,342,188163,5,0,0:0:0:0:
325,109,188263,1,0,0:0:0:0:
240,356,188363,5,0,0:0:0:0:
426,160,188463,1,0,0:0:0:0:
154,181,188563,5,0,0:0:0:0:
408,344,188663,1,0,0:0:0:0:
257,49,188763,5,0,0:0:0:0:
212,358,188863,1,0,0:0:0:0:
171,38,188963,5,0,0:0:0:0:
114,354,189063,1,0,0:0:0:0:
87,28,189163,5,0,0:0:0:0:
15,345,189263,1,0,0:0:0:0:
257,49,189363,5,0,0:0:0:0:
31,300,189463,1,0,0:0:0:0:
328,145,189563,5,0,0:0:0:0:
8,199,189663,1,0,0:0:0:0:
395,83,189763,5,0,0:0:0:0:
49,152,189863,1,0,0:0:0:0:
403,258,189963,5,0,0:0:0:0:
236,35,190063,1,0,0:0:0:0:
168,328,190163,5,0,0:0:0:0:
372,88,190263,1,0,0:0:0:0:
78,161,190363,5,0,0:0:0:0:
314,294,190463,1,0,0:0:0:0:
226,21,190563,5,0,0:0:0:0:
166,338,190663,1,0,0:0:0:0:
321,35,190763,5,0,0:0:0:0:
254,373,190863,1,0,0:0:0:0:
73,86,190963,5,0,0:0:0:0:
432,170,191063,1,0,0:0:0:0:
25,274,191163,5,0,0:0:0:0:
462,188,191263,1,0,0:0:0:0:
65,76,191363,6,0,L|54:227,1,116.999991544724
365,327,191563,5,0,0:0:0:0:
243,81,191663,1,0,0:0:0:0:
157,352,191763,5,0,0:0:0:0:
392,148,191863,1,0,0:0:0:0:
146,154,191963,5,0,0:0:0:0:
281,365,192063,1,0,0:0:0:0:
476,153,192163,6,0,P|456:89|383:66,1,116.999991544724
98,28,192363,5,0,0:0:0:0:
440,242,192463,1,0,0:0:0:0:
41,317,192563,5,0,0:0:0:0:
218,12,192663,1,0,0:0:0:0:
344,367,192763,5,0,0:0:0:0:
41,148,192863,1,0,0:0:0:0:
448,242,192963,5,0,0:0:0:0:
23,332,193063,1,0,0:0:0:0:
218,12,193163,5,0,0:0:0:0:
328,376,193263,1,0,0:0:0:0:
28,135,193363,5,0,0:0:0:0:
440,242,193463,1,0,0:0:0:0:
1,174,193563,5,0,0:0:0:0:
429,141,193663,1,0,0:0:0:0:
31,331,193763,5,0,0:0:0:0:
162,13,193863,1,0,0:0:0:0:
342,351,193963,5,0,0:0:0:0:
5,179,194063,1,0,0:0:0:0:
423,128,194163,5,0,0:0:0:0:
35,367,194263,1,0,0:0:0:0:
159,4,194363,5,0,0:0:0:0:
342,373,194463,1,0,0:0:0:0:
15,178,194563,5,0,0:0:0:0:
421,123,194663,1,0,0:0:0:0:
43,289,194763,5,0,0:0:0:0:
485,210,194863,1,0,0:0:0:0:
81,66,194963,5,0,0:0:0:0:
232,376,195063,1,0,0:0:0:0:
276,19,195163,5,0,0:0:0:0:
136,352,195263,1,0,0:0:0:0:
426,92,195363,5,0,0:0:0:0:
41,195,195463,1,0,0:0:0:0:
415,358,195563,5,0,0:0:0:0:
272,13,195663,1,0,0:0:0:0:
128,375,195763,5,0,0:0:0:0:
431,87,195863,1,0,0:0:0:0:
51,77,195963,5,0,0:0:0:0:
264,378,196063,1,0,0:0:0:0:
362,36,196163,6,0,P|409:2|494:43,1,116.999991544724
326,322,196363,5,0,0:0:0:0:
184,51,196463,1,0,0:0:0:0:
135,369,196563,5,0,0:0:0:0:
268,22,196663,1,0,0:0:0:0:
31,328,196763,5,0,0:0:0:0:
399,152,196863,1,0,0:0:0:0:
58,35,196963,5,0,0:0:0:0:
163,366,197063,1,0,0:0:0:0:
271,3,197163,5,0,0:0:0:0:
23,330,197263,1,0,0:0:0:0:
426,244,197363,5,0,0:0:0:0:
60,41,197463,1,0,0:0:0:0:
177,378,197563,5,0,0:0:0:0:
429,78,197663,1,0,0:0:0:0:
15,122,197763,6,0,L|-4:290,1,116.999991544724
256,12,197963,5,0,0:0:0:0:
329,258,198063,1,0,0:0:0:0:
180,92,198163,5,0,0:0:0:0:
317,305,198263,1,0,0:0:0:0:
133,189,198363,5,0,0:0:0:0:
306,352,198463,1,0,0:0:0:0:
376,83,198563,5,0,0:0:0:0:
201,340,198663,1,0,0:0:0:0:
245,24,198763,5,0,0:0:0:0:
413,360,198863,1,0,0:0:0:0:
66,146,198963,5,0,0:0:0:0:
434,207,199063,1,0,0:0:0:0:
96,357,199163,5,0,0:0:0:0:
246,11,199263,1,0,0:0:0:0:
417,372,199363,6,0,P|488:343|490:249,1,116.999991544724
382,19,199563,5,0,0:0:0:0:
331,361,199663,1,0,0:0:0:0:
293,13,199763,5,0,0:0:0:0:
242,355,199863,1,0,0:0:0:0:
205,7,199963,5,0,0:0:0:0:
154,349,200063,1,0,0:0:0:0:
400,110,200163,5,0,0:0:0:0:
54,160,200263,1,0,0:0:0:0:
351,368,200363,5,0,0:0:0:0:
192,23,200463,1,0,0:0:0:0:
112,379,200563,5,0,0:0:0:0:
392,100,200663,1,0,0:0:0:0:
14,148,200763,5,0,0:0:0:0:
383,379,200863,1,0,0:0:0:0:
188,11,200963,5,0,0:0:0:0:
97,380,201063,1,0,0:0:0:0:
406,96,201163,5,0,0:0:0:0:
18,176,201263,1,0,0:0:0:0:
461,237,201363,5,0,0:0:0:0:
4,363,201463,1,0,0:0:0:0:
161,9,201563,5,0,0:0:0:0:
388,377,201663,1,0,0:0:0:0:
9,175,201763,5,0,0:0:0:0:
406,96,201863,1,0,0:0:0:0:
90,343,201963,5,0,0:0:0:0:
200,19,202063,1,0,0:0:0:0:
291,371,202163,5,0,0:0:0:0:
105,71,202263,1,0,0:0:0:0:
450,227,202363,5,0,0:0:0:0:
87,361,202463,1,0,0:0:0:0:
226,35,202563,5,0,0:0:0:0:
324,371,202663,1,0,0:0:0:0:
20,152,202763,5,0,0:0:0:0:
375,199,202863,1,0,0:0:0:0:
65,362,202963,5,0,0:0:0:0:
227,49,203063,1,0,0:0:0:0:
320,360,203163,5,0,0:0:0:0:
34,172,203263,1,0,0:0:0:0:
256,192,204963,12,0,205563,0:0:0:0:
